CUST_NO	XCOORD	YCOORD	SERVICE_ENERGY	SERVICE_TIME
1	18602.2414	1489.1678	0.2000	10.0000
2	5524.2973	15317.8890	0.2000	10.0000
3	4918.7138	11007.6536	0.2000	10.0000
4	8916.8723	11763.2048	0.2000	10.0000
5	13351.5542	2730.3033	0.2000	10.0000
6	1902.6107	5444.8183	0.2000	10.0000
7	557.3546	2558.7317	0.2000	10.0000
8	15336.4188	4593.1257	0.2000	10.0000
9	16005.7888	10106.6839	0.2000	10.0000
10	16513.5791	17185.6154	0.2000	10.0000
11	7976.5269	6562.9214	0.2000	10.0000
12	2657.7963	5995.5598	0.2000	10.0000
13	11075.0220	17674.2909	0.2000	10.0000
14	10858.8025	14376.8565	0.2000	10.0000
15	7414.9504	2800.7915	0.2000	10.0000
16	1697.1083	6984.6630	0.2000	10.0000
17	16477.5031	13977.4327	0.2000	10.0000
18	5876.3955	5076.8527	0.2000	10.0000
19	1173.7798	13893.9593	0.2000	10.0000
20	4636.2952	8966.4394	0.2000	10.0000
21	3953.3241	7263.9083	0.2000	10.0000
22	13429.2864	3597.8236	0.2000	10.0000
23	3590.0484	8550.2095	0.2000	10.0000
24	4316.8791	483.6260	0.2000	10.0000
25	7625.1073	3886.7423	0.2000	10.0000
26	17857.4015	6597.2331	0.2000	10.0000
27	8947.2223	5701.7711	0.2000	10.0000
28	16966.3738	12759.6170	0.2000	10.0000
29	4894.1760	9915.9983	0.2000	10.0000
30	2302.6934	9347.4433	0.2000	10.0000
31	19707.0301	13293.7417	0.2000	10.0000
32	11019.0471	1543.1885	0.2000	10.0000
33	2898.2258	2640.0456	0.2000	10.0000
34	889.9085	10171.3941	0.2000	10.0000
35	18070.6077	12569.7058	0.2000	10.0000
36	15027.5586	6191.4409	0.2000	10.0000
37	14866.9887	13622.7719	0.2000	10.0000
38	13552.1563	12147.1544	0.2000	10.0000
39	13862.6996	19098.6719	0.2000	10.0000
40	19611.2983	10138.2694	0.2000	10.0000
41	4498.9609	14478.9241	0.2000	10.0000
42	17324.3757	10430.4852	0.2000	10.0000
43	18365.9230	3788.9004	0.2000	10.0000
44	8419.3063	14225.3071	0.2000	10.0000
45	17258.6078	5557.3540	0.2000	10.0000
46	2022.4579	7503.3867	0.2000	10.0000
47	18935.3393	7010.1254	0.2000	10.0000
48	19319.4166	6241.0490	0.2000	10.0000
49	4988.3933	3125.5121	0.2000	10.0000
50	5310.9211	13066.1053	0.2000	10.0000
51	598.7986	4621.5177	0.2000	10.0000
52	19412.7717	2446.0578	0.2000	10.0000
53	19530.4289	14231.7544	0.2000	10.0000
54	6393.8970	11133.9670	0.2000	10.0000
55	15202.8869	6895.0323	0.2000	10.0000
56	19056.8331	11245.6459	0.2000	10.0000
57	5978.2506	3397.0541	0.2000	10.0000
58	17963.4890	510.4479	0.2000	10.0000
59	4606.9387	8087.9894	0.2000	10.0000
60	8239.3862	11466.7419	0.2000	10.0000
61	19079.2868	15386.0300	0.2000	10.0000
62	18425.2115	2821.0677	0.2000	10.0000
63	5938.0897	9937.1572	0.2000	10.0000
64	11990.6618	16248.2451	0.2000	10.0000
65	14060.6239	13974.0761	0.2000	10.0000
66	17504.7710	18736.0137	0.2000	10.0000
67	686.5629	3264.1576	0.2000	10.0000
68	14547.9653	3840.3213	0.2000	10.0000
69	7644.9762	13645.5656	0.2000	10.0000
70	12961.5746	19163.4764	0.2000	10.0000
71	7286.3099	8807.5046	0.2000	10.0000
72	11643.9942	19660.3633	0.2000	10.0000
73	3373.6747	13562.0580	0.2000	10.0000
74	6634.8658	13037.0010	0.2000	10.0000
75	4399.6060	4007.1577	0.2000	10.0000
76	14608.0049	4596.8647	0.2000	10.0000
77	15357.6990	15864.4867	0.2000	10.0000
78	5284.9479	8136.3200	0.2000	10.0000
79	16003.7894	2416.9566	0.2000	10.0000
80	18387.2641	5420.6755	0.2000	10.0000
81	3532.3683	11456.5540	0.2000	10.0000
82	13527.1433	210.5487	0.2000	10.0000
83	15467.5029	5751.7164	0.2000	10.0000
84	5392.8643	5460.4276	0.2000	10.0000
85	6788.3476	6132.9217	0.2000	10.0000
86	11248.1627	8352.9549	0.2000	10.0000
87	11300.7937	9760.4927	0.2000	10.0000
88	6105.0473	4155.0929	0.2000	10.0000
89	15858.4618	6689.1797	0.2000	10.0000
90	1585.9176	12392.7390	0.2000	10.0000
91	6224.5520	6438.4779	0.2000	10.0000
92	12059.6191	232.8939	0.2000	10.0000
93	9642.1327	17828.1195	0.2000	10.0000
94	19240.9433	612.8551	0.2000	10.0000
95	18398.7372	16671.6274	0.2000	10.0000
96	12045.3666	2857.0705	0.2000	10.0000
97	9630.4387	14298.7507	0.2000	10.0000
98	11254.3349	16503.0954	0.2000	10.0000
99	16028.9638	17991.5266	0.2000	10.0000
100	13684.8865	15828.5513	0.2000	10.0000
101	19716.5336	17153.2327	0.2000	10.0000
102	3109.3656	6413.3944	0.2000	10.0000
103	16516.7139	16218.7456	0.2000	10.0000
104	18220.3300	8102.0977	0.2000	10.0000
105	11448.0972	14969.4860	0.2000	10.0000
106	8054.1967	17161.2527	0.2000	10.0000
107	13122.4571	14326.0753	0.2000	10.0000
108	16252.0237	8417.4309	0.2000	10.0000
109	12336.3567	4425.1077	0.2000	10.0000
110	2722.9510	4827.3801	0.2000	10.0000
111	12559.0353	16935.3315	0.0000	0.0000
112	4291.6095	10232.8968	0.0000	0.0000
113	14419.4976	886.9438	0.0000	0.0000
114	18678.7749	14655.8054	0.0000	0.0000
115	17617.9393	3735.0314	0.0000	0.0000
116	4387.6180	5298.1321	0.0000	0.0000
117	1920.3202	6121.0736	0.0000	0.0000
118	19148.8746	5088.7723	0.0000	0.0000
119	7150.2542	11116.8039	0.0000	0.0000
120	16076.1161	12459.7078	0.0000	0.0000
