CUST_NO	XCOORD	YCOORD	SERVICE_ENERGY	SERVICE_TIME
1	8750.7046	5333.6245	0.2000	10.0000
2	2717.3484	29.4078	0.2000	10.0000
3	6425.7193	13904.1018	0.2000	10.0000
4	18657.6958	16263.8051	0.2000	10.0000
5	17862.9577	10397.6841	0.2000	10.0000
6	14253.4084	3748.3669	0.2000	10.0000
7	5693.6609	11690.4185	0.2000	10.0000
8	5873.8671	16854.0649	0.2000	10.0000
9	4690.8616	14668.9713	0.2000	10.0000
10	4724.3470	11898.6994	0.2000	10.0000
11	14400.3267	14133.9208	0.2000	10.0000
12	5131.5435	15633.5770	0.2000	10.0000
13	9448.9830	15473.7439	0.2000	10.0000
14	1695.7491	14438.4707	0.2000	10.0000
15	13262.9186	2029.5404	0.2000	10.0000
16	14504.2642	7706.9180	0.2000	10.0000
17	14070.0865	8991.9990	0.2000	10.0000
18	4616.1931	3919.8729	0.2000	10.0000
19	10851.8332	14213.5262	0.2000	10.0000
20	197.3927	14690.3869	0.2000	10.0000
21	880.0467	18506.4113	0.2000	10.0000
22	3647.5062	16553.3276	0.2000	10.0000
23	8380.4349	17081.7702	0.2000	10.0000
24	3178.5663	972.9639	0.2000	10.0000
25	1442.2499	11821.8926	0.2000	10.0000
26	8921.7643	9621.5591	0.2000	10.0000
27	7909.0476	13127.5298	0.2000	10.0000
28	2513.0727	14679.7959	0.2000	10.0000
29	6014.0507	18489.1090	0.2000	10.0000
30	983.2203	14615.6576	0.2000	10.0000
31	4009.1695	17114.2081	0.2000	10.0000
32	11089.5635	16038.1693	0.2000	10.0000
33	2353.5171	4735.5761	0.2000	10.0000
34	9513.0121	10014.6644	0.2000	10.0000
35	5894.9808	12780.6368	0.2000	10.0000
36	6825.0950	13106.5423	0.2000	10.0000
37	19745.1971	8419.5562	0.2000	10.0000
38	10346.1044	3075.3213	0.2000	10.0000
39	15999.9545	8626.8166	0.2000	10.0000
40	18408.4625	9323.0212	0.2000	10.0000
41	4969.7810	12696.9559	0.2000	10.0000
42	4387.5911	2237.5941	0.2000	10.0000
43	8800.8301	15718.7547	0.2000	10.0000
44	18959.8344	7834.2320	0.2000	10.0000
45	16715.3662	8000.1271	0.2000	10.0000
46	7805.2963	15816.0493	0.2000	10.0000
47	9113.8608	13638.0273	0.2000	10.0000
48	4298.3182	19924.1900	0.2000	10.0000
49	8396.2231	15130.2198	0.2000	10.0000
50	2494.1800	12625.9400	0.2000	10.0000
51	12598.8242	7789.9365	0.2000	10.0000
52	11100.6471	4960.7251	0.2000	10.0000
53	17230.1814	15131.4938	0.2000	10.0000
54	5542.3548	1806.5582	0.2000	10.0000
55	9920.4916	5778.6235	0.2000	10.0000
56	3109.2757	12958.7009	0.2000	10.0000
57	2999.7704	11671.9591	0.2000	10.0000
58	4389.9696	13757.3968	0.2000	10.0000
59	11913.9094	5533.7021	0.2000	10.0000
60	5320.1543	14666.8317	0.2000	10.0000
61	17948.9551	8545.0348	0.2000	10.0000
62	17282.6662	7470.4766	0.2000	10.0000
63	19103.7554	14178.3541	0.2000	10.0000
64	10173.0775	126.6602	0.2000	10.0000
65	1464.2159	17437.4663	0.2000	10.0000
66	5398.0491	11095.7502	0.2000	10.0000
67	8686.6419	11601.6326	0.2000	10.0000
68	19668.5226	17104.7238	0.2000	10.0000
69	18104.4789	12295.2927	0.2000	10.0000
70	13774.3098	13350.1676	0.2000	10.0000
71	3716.3903	3601.8739	0.2000	10.0000
72	12521.4218	4926.9434	0.2000	10.0000
73	6867.8138	14574.9947	0.2000	10.0000
74	13677.5424	3919.0173	0.2000	10.0000
75	15310.0086	9622.2776	0.2000	10.0000
76	3929.3563	5022.9795	0.2000	10.0000
77	5110.2884	16940.6140	0.2000	10.0000
78	3559.4066	18020.4213	0.2000	10.0000
79	2256.0733	18920.5130	0.2000	10.0000
80	2698.2935	16382.8922	0.2000	10.0000
81	18117.3682	6736.1708	0.2000	10.0000
82	17870.2432	7814.4708	0.2000	10.0000
83	19100.4721	5457.3851	0.2000	10.0000
84	2126.1374	16135.3957	0.2000	10.0000
85	6996.7178	12158.1617	0.2000	10.0000
86	11680.7245	9039.5530	0.2000	10.0000
87	17451.5279	11908.3867	0.2000	10.0000
88	7482.4537	1096.3464	0.2000	10.0000
89	12229.2904	10630.3642	0.2000	10.0000
90	7208.9419	17201.5412	0.2000	10.0000
91	7585.4722	13981.2224	0.2000	10.0000
92	9146.6249	8955.8909	0.2000	10.0000
93	6893.4301	10739.7883	0.2000	10.0000
94	17344.6087	17558.6184	0.2000	10.0000
95	10453.7472	4452.5995	0.2000	10.0000
96	6457.6739	8511.7798	0.2000	10.0000
97	10443.3448	11414.9964	0.2000	10.0000
98	16548.2350	8887.4156	0.2000	10.0000
99	6087.4165	1141.6620	0.2000	10.0000
100	4235.1337	1102.2759	0.2000	10.0000
101	10532.1274	13441.8822	0.2000	10.0000
102	10386.1332	1603.0154	0.2000	10.0000
103	17530.3854	6887.5740	0.2000	10.0000
104	2643.4677	17376.2019	0.2000	10.0000
105	12891.7125	5438.9285	0.2000	10.0000
106	16689.8365	11075.0368	0.2000	10.0000
107	4757.2346	11253.1859	0.2000	10.0000
108	5421.5785	16427.5279	0.2000	10.0000
109	9120.7462	16603.9456	0.2000	10.0000
110	13320.0921	12149.0272	0.2000	10.0000
111	10546.0377	2438.0251	0.0000	0.0000
112	8032.7003	11321.9819	0.0000	0.0000
113	2933.3841	13611.2035	0.0000	0.0000
114	2610.8265	1692.4858	0.0000	0.0000
115	7789.8674	15212.3931	0.0000	0.0000
116	14788.5352	10576.8346	0.0000	0.0000
117	16254.4131	6938.5106	0.0000	0.0000
118	2173.8727	18101.0041	0.0000	0.0000
119	5587.5401	13848.3924	0.0000	0.0000
120	19736.4269	14501.8747	0.0000	0.0000
