CUST_NO	XCOORD	YCOORD	SERVICE_ENERGY	SERVICE_TIME
1	3008.9693	835.0869	0.2000	10.0000
2	19070.3213	275.1576	0.2000	10.0000
3	6853.4388	5500.9269	0.2000	10.0000
4	11211.9589	19539.2797	0.2000	10.0000
5	14633.0355	18369.3214	0.2000	10.0000
6	9704.2134	15419.0551	0.2000	10.0000
7	12470.8403	15435.3585	0.2000	10.0000
8	12439.6144	8449.9026	0.2000	10.0000
9	7943.1705	10552.5146	0.2000	10.0000
10	2349.9143	2353.9359	0.2000	10.0000
11	7159.1084	19208.4688	0.2000	10.0000
12	2943.0923	19432.5529	0.2000	10.0000
13	14047.6152	17524.1969	0.2000	10.0000
14	11419.0090	10714.6842	0.2000	10.0000
15	7386.5498	3859.6590	0.2000	10.0000
16	7278.4164	15490.1901	0.2000	10.0000
17	16157.3344	116.0204	0.2000	10.0000
18	10479.4085	17350.9290	0.2000	10.0000
19	13923.7214	14949.7705	0.2000	10.0000
20	16941.0993	2128.1061	0.2000	10.0000
21	6512.3752	2593.8721	0.2000	10.0000
22	240.1196	2466.8493	0.2000	10.0000
23	8531.5166	13495.9319	0.2000	10.0000
24	7020.0663	4692.6144	0.2000	10.0000
25	5754.1788	19370.7466	0.2000	10.0000
26	6689.9397	16113.5487	0.2000	10.0000
27	9213.0413	12353.4595	0.2000	10.0000
28	7886.5503	5898.8300	0.2000	10.0000
29	6088.7278	14544.4463	0.2000	10.0000
30	10859.7090	18622.0251	0.2000	10.0000
31	1616.3076	18037.0464	0.2000	10.0000
32	10180.8267	19182.6740	0.2000	10.0000
33	3565.7776	3882.4346	0.2000	10.0000
34	4687.7254	1618.8871	0.2000	10.0000
35	14992.0699	16963.7763	0.2000	10.0000
36	2671.6022	8433.4092	0.2000	10.0000
37	2171.5294	6476.5772	0.2000	10.0000
38	9338.0069	5653.2170	0.2000	10.0000
39	9963.3767	13971.8616	0.2000	10.0000
40	12282.1958	17560.5345	0.2000	10.0000
41	13408.8705	312.7521	0.2000	10.0000
42	11605.5112	12531.2046	0.2000	10.0000
43	11540.7603	4912.3366	0.2000	10.0000
44	10211.1495	9293.7184	0.2000	10.0000
45	8320.5765	11269.8358	0.2000	10.0000
46	3721.9013	4584.2712	0.2000	10.0000
47	7081.2512	1328.4911	0.2000	10.0000
48	9499.9128	3567.8090	0.2000	10.0000
49	13407.9647	10326.9119	0.2000	10.0000
50	11825.3396	1427.9228	0.2000	10.0000
51	14670.6344	2795.6643	0.2000	10.0000
52	905.6878	16760.0977	0.2000	10.0000
53	5770.1117	3659.2972	0.2000	10.0000
54	8739.1060	14815.8764	0.2000	10.0000
55	8638.4098	18840.0678	0.2000	10.0000
56	15562.1189	17467.0747	0.2000	10.0000
57	12790.3721	5623.5314	0.2000	10.0000
58	5251.4569	5626.7471	0.2000	10.0000
59	3451.0343	7512.9542	0.2000	10.0000
60	12526.6427	6693.4434	0.2000	10.0000
61	13379.9173	19577.3846	0.2000	10.0000
62	7998.5704	3554.7596	0.2000	10.0000
63	5791.0827	865.7748	0.2000	10.0000
64	67.4054	3191.9309	0.2000	10.0000
65	4761.3393	17924.8784	0.2000	10.0000
66	17259.2261	19159.6081	0.2000	10.0000
67	8657.1871	8148.3308	0.2000	10.0000
68	12598.3191	18956.5755	0.2000	10.0000
69	9242.2032	10214.5370	0.2000	10.0000
70	14661.4326	16274.9447	0.2000	10.0000
71	12116.1532	16332.8278	0.2000	10.0000
72	11852.1116	4288.1001	0.2000	10.0000
73	13267.1958	2787.3193	0.2000	10.0000
74	3050.7003	16431.5168	0.2000	10.0000
75	13720.6065	14358.5450	0.2000	10.0000
76	8281.5178	1432.8732	0.2000	10.0000
77	644.8133	14759.5787	0.2000	10.0000
78	12511.5035	1818.9157	0.2000	10.0000
79	5202.8414	3915.4788	0.2000	10.0000
80	10401.8405	7205.1004	0.2000	10.0000
81	11144.7307	17570.9569	0.2000	10.0000
82	2841.0303	1892.2922	0.2000	10.0000
83	7512.2126	9874.5801	0.2000	10.0000
84	9982.0774	2607.3789	0.2000	10.0000
85	1717.9723	15124.9739	0.2000	10.0000
86	17361.0286	18098.1012	0.2000	10.0000
87	13541.8849	1339.7601	0.2000	10.0000
88	5447.9077	16160.8448	0.2000	10.0000
89	3251.5623	2979.2761	0.2000	10.0000
90	2022.9999	3843.7664	0.2000	10.0000
91	1867.6778	4489.2546	0.2000	10.0000
92	6675.7443	3545.2897	0.2000	10.0000
93	10823.9695	3102.4886	0.2000	10.0000
94	9225.7628	17283.5306	0.2000	10.0000
95	19909.2825	3157.9789	0.2000	10.0000
96	16914.4675	19739.9857	0.2000	10.0000
97	9267.9827	2240.4948	0.2000	10.0000
98	1434.3804	17397.8260	0.2000	10.0000
99	6639.5319	6613.7758	0.2000	10.0000
100	9452.7677	18398.9645	0.2000	10.0000
101	11705.3301	8721.5536	0.2000	10.0000
102	14151.6692	15888.3984	0.2000	10.0000
103	11235.5601	14202.1749	0.2000	10.0000
104	198.9971	4146.8750	0.2000	10.0000
105	7481.8297	11985.6502	0.2000	10.0000
106	13451.7069	18521.9168	0.2000	10.0000
107	6748.5353	10211.2261	0.2000	10.0000
108	11547.9716	2702.0254	0.2000	10.0000
109	4337.2645	2882.9495	0.2000	10.0000
110	15740.1053	1400.8061	0.2000	10.0000
111	3500.7639	5296.2187	0.0000	0.0000
112	10506.5343	11539.9109	0.0000	0.0000
113	17395.2429	330.9984	0.0000	0.0000
114	13853.8189	19162.9207	0.0000	0.0000
115	6115.9892	18301.1177	0.0000	0.0000
116	10120.6971	3983.5818	0.0000	0.0000
117	931.4516	18566.2407	0.0000	0.0000
118	5556.1603	1896.4998	0.0000	0.0000
119	2080.9260	205.2116	0.0000	0.0000
120	12847.9698	17083.1208	0.0000	0.0000
